millivolts   time       (bin: 12.50mV)
vdd_cpu
0            28344851  
850          395096    
900          1267874   
925          18        
950          1275      
975          882359    
1000         11437     
1025         25435     
1037         0         
1050         1879      
1075         10708     
1100         632       
1125         11        
1150         1094566   
vdd_core
0            14092258  
1000         1176792   
1050         36022     
1100         574220    
1150         5555      
1200         16151291  
